1 Ahmed Nasser 3.5 301 211 441 141 333
15 Mina Magdy 2.9 208 333 351 211 301
2 Mohamed Ahmed 4 208 309 322 351 323
3 Mina Magdy 2.9 208 333 351 211 301
4 Mona Youssef 3.1 441 141 351 309 208
5 Ali Mohamed 4.2 211 441 323 208 309
6 Yasser Fathy 3.9 141 333 351 322 211
10 Ahmed Nasser 3.5 301 211 441 141 333
9 Mohamed Ahmed 4 208 309 322 351 323
8 Mina Magdy 2.9 208 333 351 211 301
7 Mona Youssef 3.1 441 141 351 309 208
11 Ali Mohamed 4.2 211 441 323 208 309
12 Yasser Fathy 3.9 141 333 351 322 211
17 Ahmed Nasser 3.5 301 211 441 141 333
16 Mohamed Ahmed 4 208 309 322 351 323
14 Mona Youssef 3.1 441 141 351 309 208
13 Ali Mohamed 4.2 211 441 323 208 309
18 Yasser Fathy 3.9 141 333 351 322 211
25 Ahmed Nasser 3.5 301 211 441 141 333
30 Mohamed Ahmed 4 208 309 322 351 323
26 Mina Magdy 2.9 208 333 351 211 301
28 Mona Youssef 3.1 441 141 351 309 208
27 Ali Mohamed 4.2 211 441 323 208 309
19 Yasser Fathy 3.9 141 333 351 322 211
22 Yasser Fathy 3.9 141 333 351 322 211
21 Yasser Fathy 3.9 141 333 351 322 211
24 Yasser Fathy 3.9 141 333 351 322 211
23 Yasser Fathy 3.9 141 333 351 322 211
31 Yasser Fathy 3.9 141 333 351 322 211
32 Mohamed Ahmed 4 208 309 322 351 323
33 Mina Magdy 2.9 208 333 351 211 301
20 Yasser Fathy 3.9 141 333 351 322 211
34 Mona Youssef 3.1 441 141 351 309 208
35 Ali Mohamed 4.2 211 441 323 208 309
36 Yasser Fathy 3.9 141 333 351 322 211
40 Ahmed Nasser 3.5 301 211 441 141 333
39 Mohamed Ahmed 4 208 309 322 351 323
38 Mina Magdy 2.9 208 333 351 211 301
37 Mona Youssef 3.1 441 141 351 309 208
41 Ali Mohamed 4.2 211 441 323 208 309
42 Yasser Fathy 3.9 141 333 351 322 211
47 Ahmed Nasser 3.5 301 211 441 141 333
46 Mohamed Ahmed 4 208 309 322 351 323
45 Mina Magdy 2.9 208 333 351 211 301
44 Mona Youssef 3.1 441 141 351 309 208
43 Ali Mohamed 4.2 211 441 323 208 309
29 Yasser Fathy 3.9 141 333 351 322 211
48 Yasser Fathy 3.9 141 333 351 322 211
50 Yasser Fathy 3.9 141 333 351 322 211
49 Yasser Fathy 3.9 141 333 351 322 211