1 Ahmed Nasser 3.50 301 211 441 141 333
2 Mohamed Ahmed 4.00 208 309 322 351 323
3 Mina Magdy 2.90 208 333 351 211 301
4 ahmed nasser 3.00 141
5 Ali Mohamed 4.20 211 441 323 208 309
6 Yasser Fathy 3.90 141 333 351 322 211
7 Mona Youssef 3.10 441 141 351 309 208
8 Mina Magdy 2.90 208 333 351 211 301
9 Mohamed Ahmed 4.00 208 309 322 351 323
10 Ahmed Nasser 3.50 301 211 441 141 333
11 Ali Mohamed 4.20 211 441 323 208 309
12 Yasser Fathy 3.90 141 333 351 322 211
13 Ali Mohamed 4.20 211 441 323 208 309
14 Mona Youssef 3.10 441 141 351 309 208
15 Mina Magdy 2.90 208 333 351 211 301
16 Mohamed Ahmed 4.00 208 309 322 351 323
17 Ahmed Nasser 3.50 301 211 441 141 333
18 Yasser Fathy 3.90 141 333 351 322 211
19 Yasser Fathy 3.90 141 333 351 322 211
20 Yasser Fathy 3.90 141 333 351 322 211
21 Yasser Fathy 3.90 141 333 351 322 211
22 Yasser Fathy 3.90 141 333 351 322 211
23 Yasser Fathy 3.90 141 333 351 322 211
24 Yasser Fathy 3.90 141 333 351 322 211
25 Ahmed Nasser 3.50 301 211 441 141 333
26 Mina Magdy 2.90 208 333 351 211 301
27 Ali Mohamed 4.20 211 441 323 208 309
28 Mona Youssef 3.10 441 141 351 309 208
29 Yasser Fathy 3.90 141 333 351 322 211
30 Mohamed Ahmed 4.00 208 309 322 351 323
31 Yasser Fathy 3.90 141 333 351 322 211
32 Mohamed Ahmed 4.00 208 309 322 351 323
33 Mina Magdy 2.90 208 333 351 211 301
34 Mona Youssef 3.10 441 141 351 309 208
35 Ali Mohamed 4.20 211 441 323 208 309
36 Yasser Fathy 3.90 141 333 351 322 211
37 Mona Youssef 3.10 441 141 351 309 208
38 Mina Magdy 2.90 208 333 351 211 301
39 Mohamed Ahmed 4.00 208 309 322 351 323
40 Ahmed Nasser 3.50 301 211 441 141 333
41 Ali Mohamed 4.20 211 441 323 208 309
42 Yasser Fathy 3.90 141 333 351 322 211
43 Ali Mohamed 4.20 211 441 323 208 309
44 Mona Youssef 3.10 441 141 351 309 208
45 Mina Magdy 2.90 208 333 351 211 301
46 Mohamed Ahmed 4.00 208 309 322 351 323
47 Ahmed Nasser 3.50 301 211 441 141 333
48 Yasser Fathy 3.90 141 333 351 322 211
49 Yasser Fathy 4.00 141 333 351 322 211
50 keroles khalil 5.00 141 333 351 322 211